1.5236843824386597
2.490178346633911
1.2945222854614258
0.8718521595001221
1.1863139867782593
1.1023046970367432
0.9120675921440125
0.851870596408844
1.0459822416305542
0.9931248426437378
0.8237324357032776
0.6706730723381042
1.1117085218429565
0.7338204979896545
0.9633092284202576
0.5622166991233826
0.3176780939102173
0.5430305004119873
0.8215928673744202
0.3056619465351105
0.8265543580055237
0.5212191939353943
0.6233982443809509
0.3283940255641937
0.6047536730766296
0.4306092858314514
0.3856799006462097
0.6747679710388184
0.49583420157432556
0.38526588678359985
0.43004828691482544
0.3777235448360443
0.3033865988254547
0.6697958111763
0.40623295307159424
0.19287247955799103
0.3818649649620056
0.3237899839878082
0.251783549785614
0.6251291632652283
0.3900904059410095
0.28010568022727966
0.3913850784301758
0.3924691677093506
0.39542868733406067
0.18390245735645294
0.37573015689849854
0.2298661768436432
0.4376400411128998
0.34214699268341064
0.16337041556835175
0.2414189875125885
0.844149649143219
0.35585686564445496
0.36860015988349915
0.28663456439971924
0.19609008729457855
0.29688790440559387
0.2581312656402588
0.5089936256408691
0.28069889545440674
0.28892138600349426
0.2883121967315674
0.1414414644241333
0.48057088255882263
0.25287550687789917
0.33650320768356323
0.23736748099327087
0.31074970960617065
0.18345403671264648
0.21049854159355164
0.21663759648799896
0.2781277298927307
0.20789657533168793
0.12227825075387955
0.13780418038368225
0.18930219113826752
0.23391219973564148
0.0823158249258995
0.37522995471954346
0.2574876844882965
0.35507702827453613
0.583122193813324
0.14879679679870605
0.1686992049217224
0.21889255940914154
0.12568114697933197
0.16263708472251892
0.25767308473587036
0.37117713689804077
0.19594085216522217
0.32922524213790894
0.08902481943368912
0.19151978194713593
0.27485528588294983
0.25266405940055847
0.10415244102478027
0.29955580830574036
0.34955164790153503
0.12743151187896729
0.11245451867580414
0.10112686455249786
0.27417096495628357
0.1672333925962448
0.20578405261039734
0.17484897375106812
0.26028627157211304
0.1417527049779892
0.18122868239879608
0.2855764329433441
0.24165703356266022
0.30228421092033386
0.32765868306159973
0.13711242377758026
0.20704707503318787
0.0673208013176918
0.2585250735282898
0.1486574113368988
0.21603259444236755
0.2535489797592163
0.14382818341255188
0.11545272171497345
0.30615752935409546
0.09373936057090759
0.20701345801353455
0.2872953712940216
0.3965493142604828
0.20378445088863373
0.06579253077507019
0.26596856117248535
0.31172871589660645
0.10796035081148148
0.2708265483379364
0.4334442615509033
0.1711011677980423
0.0587661936879158
0.1609184294939041
0.12718620896339417
0.15866750478744507
0.2207208126783371
0.357670396566391
0.09914916008710861
0.25567424297332764
0.21083252131938934
0.24366514384746552
0.07249573618173599
0.18240368366241455
0.05281852185726166
0.18281406164169312
0.19977697730064392
0.12665574252605438
0.3650006055831909
0.1482711136341095
0.17900124192237854
0.20859703421592712
0.21861843764781952
0.22401882708072662
0.13524962961673737
0.09359147399663925
0.22445140779018402
0.34495609998703003
0.1602441668510437
0.39534351229667664
0.2653672695159912
0.034790851175785065
0.07706115394830704
0.2085644155740738
0.07357611507177353
0.14144736528396606
0.26061415672302246
0.21427400410175323
0.26958712935447693
0.3121330738067627
0.18202872574329376
0.10805840790271759
0.30965402722358704
0.10222361236810684
0.06975672394037247
0.1151985228061676
0.11439701914787292
0.02829991653561592
0.30297860503196716
0.07189787179231644
0.0804828554391861
0.1179831400513649
0.28124386072158813
0.07747432589530945
0.20307089388370514
0.13574568927288055
0.21792998909950256
0.1788291484117508
0.08381544798612595
0.16948643326759338
0.1900085061788559
0.20070436596870422
0.16253796219825745
0.18832242488861084
0.07590184360742569
0.2004576176404953
0.1118611991405487
0.01665189117193222
0.20679453015327454
0.14988775551319122
0.16751372814178467
0.1642826497554779
0.19726596772670746
0.24460247159004211
0.14002074301242828
0.2099500447511673
0.10965338349342346
0.09529516100883484
0.07605248689651489
0.0630146935582161
0.08598075062036514
0.24284838140010834
0.20497381687164307
0.06680602580308914
0.1479405164718628
0.17825424671173096
0.05986865982413292
0.10377310961484909
0.057448722422122955
0.08455556631088257
0.13891009986400604
0.11319725215435028
0.19853489100933075
0.08417380601167679
0.2433261275291443
0.1408015489578247
0.1175854504108429
0.09770733118057251
0.06108006089925766
0.12171752750873566
0.1714690923690796
0.10090554505586624
0.04176438972353935
0.2930775284767151
0.09593834728002548
0.04099905490875244
0.12773282825946808
0.13309620320796967
0.10756982117891312
0.10537327080965042
0.10189434140920639
0.08713969588279724
0.13032129406929016
0.1399475485086441
0.12003360688686371
0.11371569335460663
0.07804097980260849
0.14684879779815674
0.21984487771987915
0.10967031121253967
0.17832353711128235
0.22498255968093872
0.2433016002178192
0.25372305512428284
0.8929231762886047
0.23975840210914612
0.3603378236293793
0.031772032380104065
0.20929288864135742
0.06941687315702438
0.07433220744132996
0.1167367622256279
0.07332749664783478
0.13819144666194916
0.2073814421892166
0.24807748198509216
0.31546998023986816
0.1146017536520958
0.11387845128774643
0.14300335943698883
0.3171972632408142
0.1903846710920334
0.07729525119066238
0.10858338326215744
0.17774324119091034
0.1919463723897934
0.21000434458255768
0.1728331446647644
0.12057037651538849
0.3150750696659088
0.0951053723692894
0.15917806327342987
0.2304340898990631
0.07689504325389862
0.19333861768245697
0.08295365422964096
0.07953808456659317
0.21739442646503448
0.10313568264245987
0.045664429664611816
0.05849756300449371
0.2790732681751251
0.09743499010801315
0.2597735822200775
0.1227680966258049
0.12040799856185913
0.09891701489686966
0.1553366482257843
0.09623561054468155
0.332516074180603
0.058145612478256226
0.0878046452999115
0.08080599457025528
0.11791505664587021
0.06684152781963348
0.06060615926980972
0.08063363283872604
0.2205936461687088
0.11585857719182968
0.19752418994903564
0.088165283203125
0.10962656885385513
0.13685622811317444
0.07290510833263397
0.3131920099258423
0.15505914390087128
0.25264543294906616
0.04584575071930885
0.11565708369016647
0.12001920491456985
0.09720110148191452
0.055154431611299515
0.09123286604881287
0.3099438548088074
0.2921518385410309
0.2331988662481308
0.25609833002090454
0.08765912801027298
0.10300382971763611
0.145700603723526
0.13925227522850037
0.10699950158596039
0.11943206936120987
0.12089614570140839
0.11545999348163605
0.05810866877436638
0.1916712522506714
0.11917123198509216
0.11420094221830368
0.11160741746425629
0.06837449222803116
0.16978418827056885
0.13094684481620789
0.0527462437748909
0.17336614429950714
0.225731760263443
0.2120567262172699
0.03814816102385521
0.10471043735742569
0.14065933227539062
0.04261576756834984
0.01864871382713318
0.26044464111328125
0.07227734476327896
0.2761562466621399
0.2911849915981293
0.17800584435462952
0.09385562688112259
0.14096000790596008
0.02054251730442047
0.20280608534812927
0.23463685810565948
0.14869342744350433
0.10858169198036194
0.09549638628959656
0.06926203519105911
0.059088997542858124
0.10948075354099274
0.03760769963264465
0.08678343147039413
0.04523707553744316
0.07902991771697998
0.2901965081691742
0.109376460313797
0.24277979135513306
0.14985981583595276
0.4287585914134979
0.0846480056643486
0.1364581137895584
0.08244811743497849
0.14163516461849213
0.02629871852695942
0.07883153110742569
0.0837317556142807
0.02361222356557846
0.08072015643119812
0.1265866607427597
0.2332293540239334
0.04124239459633827
0.1050775945186615
0.13547958433628082
0.052095577120780945
0.017322953790426254
0.15771204233169556
0.17833024263381958
0.07062835246324539
0.15214987099170685
0.03306039050221443
0.23477259278297424
0.17220674455165863
0.025684000924229622
0.1618896722793579
0.05598665401339531
0.19462348520755768
0.09222425520420074
0.21774394810199738
0.10164383798837662
0.05658629909157753
0.1331833004951477
0.0601918064057827
0.16297726333141327
0.11636199802160263
0.0897567868232727
0.037127573043107986
0.0282925795763731
0.0901021957397461
0.061041273176670074
0.08945737779140472
0.1229279488325119
0.057618360966444016
0.29981452226638794
0.03331371396780014
0.034357085824012756
0.029300060123205185
0.1867143213748932
0.06642767786979675
0.06717979907989502
0.08217829465866089
0.04645604267716408
0.06199609860777855
0.08907583355903625
0.057318512350320816
0.1302027553319931
0.07295764237642288
0.04358481988310814
0.10244603455066681
0.11525498330593109
0.05304417014122009
0.21477636694908142
0.10580188035964966
0.08346272259950638
0.09058641642332077
0.026381924748420715
0.008432576432824135
0.21996928751468658
0.15198791027069092
0.17126238346099854
0.07105300575494766
0.08483273535966873
0.09769348800182343
0.03265679255127907
0.03878738731145859
0.10398956388235092
0.12408951669931412
0.12437479197978973
0.15110056102275848
0.04802810028195381
0.08616138249635696
0.11567515134811401
0.060469985008239746
0.18624229729175568
0.2028626948595047
0.09522775560617447
0.08644375950098038
0.08116956800222397
0.10926815867424011
0.14585210382938385
0.031606271862983704
0.17752277851104736
0.051275644451379776
0.014357635751366615
0.006147383246570826
0.06845597922801971
0.10325714945793152
0.03671509400010109
0.03237190842628479
0.06067387014627457
0.1939055323600769
0.13155771791934967
0.1734171360731125
0.312722772359848
0.10050615668296814
0.04310108348727226
0.11333892494440079
0.20327410101890564
0.1518029421567917
0.0821358859539032
0.0659244954586029
0.3227038085460663
0.07275494188070297
0.20175455510616302
0.08925583958625793
0.03432523086667061
0.3521290719509125
0.15770290791988373
0.10824000090360641
0.11053835600614548
