0.6299999952316284
0.5299999713897705
0.6899999976158142
0.7599999904632568
0.6499999761581421
0.7099999785423279
0.7300000190734863
0.7699999809265137
0.699999988079071
0.7200000286102295
0.75
0.800000011920929
0.7200000286102295
0.75
0.6800000071525574
0.8500000238418579
0.8899999856948853
0.8600000143051147
0.8600000143051147
0.8799999952316284
0.8100000023841858
0.800000011920929
0.8199999928474426
0.8899999856948853
0.8100000023841858
0.8999999761581421
0.8799999952316284
0.800000011920929
0.8500000238418579
0.8899999856948853
0.8700000047683716
0.8899999856948853
0.9100000262260437
0.8100000023841858
0.8799999952316284
0.9399999976158142
0.8899999856948853
0.8600000143051147
0.9100000262260437
0.8399999737739563
0.8999999761581421
0.8999999761581421
0.9100000262260437
0.8999999761581421
0.8700000047683716
0.949999988079071
0.8999999761581421
0.9300000071525574
0.8500000238418579
0.9200000166893005
0.949999988079071
0.9399999976158142
0.8500000238418579
0.8700000047683716
0.8700000047683716
0.9200000166893005
0.9399999976158142
0.8999999761581421
0.8999999761581421
0.8500000238418579
0.9300000071525574
0.9100000262260437
0.8999999761581421
0.949999988079071
0.8799999952316284
0.9300000071525574
0.9200000166893005
0.9200000166893005
0.8899999856948853
0.9399999976158142
0.9100000262260437
0.949999988079071
0.9100000262260437
0.9599999785423279
0.9599999785423279
0.949999988079071
0.949999988079071
0.9300000071525574
0.9700000286102295
0.8700000047683716
0.9599999785423279
0.8700000047683716
0.8399999737739563
0.9599999785423279
0.949999988079071
0.9399999976158142
0.9599999785423279
0.9399999976158142
0.8899999856948853
0.8899999856948853
0.9599999785423279
0.9200000166893005
0.9700000286102295
0.9300000071525574
0.9100000262260437
0.9200000166893005
0.9599999785423279
0.9399999976158142
0.8899999856948853
0.9599999785423279
0.9700000286102295
0.9800000190734863
0.8899999856948853
0.9399999976158142
0.9399999976158142
0.9399999976158142
0.9300000071525574
0.9599999785423279
0.949999988079071
0.9200000166893005
0.9300000071525574
0.9300000071525574
0.9399999976158142
0.9700000286102295
0.9300000071525574
0.9800000190734863
0.9100000262260437
0.9399999976158142
0.9200000166893005
0.9200000166893005
0.9599999785423279
0.9599999785423279
0.8799999952316284
0.9700000286102295
0.9599999785423279
0.9300000071525574
0.9399999976158142
0.8999999761581421
0.9700000286102295
0.9100000262260437
0.9100000262260437
0.9800000190734863
0.9200000166893005
0.949999988079071
0.9399999976158142
0.9700000286102295
0.949999988079071
0.949999988079071
0.9399999976158142
0.8899999856948853
0.8899999856948853
0.9599999785423279
0.9300000071525574
0.949999988079071
0.949999988079071
0.9800000190734863
0.9399999976158142
0.9900000095367432
0.9300000071525574
0.9399999976158142
0.949999988079071
0.9100000262260437
0.949999988079071
0.9200000166893005
0.9200000166893005
0.9200000166893005
0.9100000262260437
0.9399999976158142
0.9800000190734863
0.949999988079071
0.9399999976158142
0.9700000286102295
0.8899999856948853
0.9399999976158142
1.0
0.9700000286102295
0.9300000071525574
0.9700000286102295
0.9700000286102295
0.9100000262260437
0.9200000166893005
0.9200000166893005
0.949999988079071
0.9399999976158142
0.9599999785423279
0.9300000071525574
0.9599999785423279
0.9900000095367432
0.9700000286102295
0.9700000286102295
1.0
0.9800000190734863
0.9800000190734863
0.9599999785423279
0.9599999785423279
0.9100000262260437
0.9700000286102295
0.9100000262260437
0.949999988079071
0.9599999785423279
0.9200000166893005
0.9700000286102295
0.9599999785423279
0.9599999785423279
0.9100000262260437
0.9700000286102295
0.9300000071525574
0.9700000286102295
0.949999988079071
0.9800000190734863
1.0
0.949999988079071
0.949999988079071
0.9399999976158142
0.9399999976158142
0.9300000071525574
0.9300000071525574
0.9300000071525574
0.9599999785423279
0.949999988079071
0.9800000190734863
0.9900000095367432
1.0
0.9900000095367432
0.9399999976158142
0.9399999976158142
0.9700000286102295
0.9300000071525574
0.949999988079071
0.9900000095367432
0.9599999785423279
0.9700000286102295
0.9700000286102295
0.949999988079071
0.9399999976158142
0.9599999785423279
0.9700000286102295
0.949999988079071
0.949999988079071
0.949999988079071
0.949999988079071
0.9800000190734863
0.9599999785423279
0.9599999785423279
0.9800000190734863
0.9900000095367432
0.949999988079071
0.9599999785423279
0.9900000095367432
0.9700000286102295
0.949999988079071
0.9599999785423279
0.9700000286102295
0.9700000286102295
0.9599999785423279
0.9599999785423279
0.949999988079071
0.9700000286102295
0.9800000190734863
0.9599999785423279
0.9599999785423279
0.9399999976158142
0.9700000286102295
0.949999988079071
0.9300000071525574
0.949999988079071
0.949999988079071
0.9100000262260437
0.9399999976158142
0.8999999761581421
1.0
0.9399999976158142
0.9599999785423279
0.9800000190734863
0.9599999785423279
0.9800000190734863
0.9599999785423279
0.9200000166893005
0.9100000262260437
0.8700000047683716
0.9700000286102295
0.949999988079071
0.9399999976158142
0.9200000166893005
0.9700000286102295
0.9800000190734863
0.9700000286102295
0.9599999785423279
0.9700000286102295
0.9100000262260437
0.9599999785423279
0.9700000286102295
0.9300000071525574
0.9700000286102295
0.9599999785423279
0.9399999976158142
0.9800000190734863
0.9100000262260437
0.9700000286102295
0.9700000286102295
0.9200000166893005
0.9599999785423279
0.9800000190734863
0.9900000095367432
0.949999988079071
0.9700000286102295
0.9800000190734863
0.9700000286102295
0.949999988079071
0.9599999785423279
0.949999988079071
0.9599999785423279
0.9100000262260437
0.9900000095367432
0.949999988079071
0.9800000190734863
0.9800000190734863
0.9800000190734863
0.9900000095367432
0.9599999785423279
0.949999988079071
0.9700000286102295
0.9300000071525574
0.9700000286102295
0.9599999785423279
0.9900000095367432
0.9700000286102295
0.9100000262260437
0.949999988079071
0.949999988079071
1.0
0.9700000286102295
0.9599999785423279
0.9700000286102295
0.9900000095367432
0.949999988079071
0.9599999785423279
0.9700000286102295
0.9300000071525574
0.949999988079071
0.9700000286102295
0.9700000286102295
0.9399999976158142
0.9700000286102295
0.9700000286102295
0.9800000190734863
0.9599999785423279
0.9800000190734863
0.9900000095367432
0.949999988079071
0.9700000286102295
0.9700000286102295
0.9800000190734863
0.9800000190734863
0.9200000166893005
0.9399999976158142
0.9800000190734863
0.9300000071525574
0.9700000286102295
0.8899999856948853
0.9900000095367432
0.9599999785423279
0.949999988079071
0.9900000095367432
1.0
0.9300000071525574
0.9700000286102295
0.9100000262260437
0.9599999785423279
0.9599999785423279
0.9599999785423279
0.9599999785423279
1.0
0.949999988079071
0.8899999856948853
0.9599999785423279
0.949999988079071
0.9800000190734863
0.9700000286102295
0.9800000190734863
0.9700000286102295
0.9800000190734863
0.9700000286102295
0.9900000095367432
0.9700000286102295
0.8999999761581421
0.9599999785423279
0.9200000166893005
0.949999988079071
0.949999988079071
0.9800000190734863
0.9700000286102295
0.9800000190734863
0.949999988079071
1.0
0.9700000286102295
0.9599999785423279
1.0
0.9700000286102295
0.9800000190734863
0.9300000071525574
0.9800000190734863
0.9700000286102295
0.949999988079071
0.9900000095367432
1.0
0.9300000071525574
0.9700000286102295
0.9800000190734863
0.9200000166893005
0.9900000095367432
0.949999988079071
0.9399999976158142
1.0
0.949999988079071
0.9800000190734863
0.949999988079071
0.9700000286102295
0.9399999976158142
0.9700000286102295
0.9800000190734863
0.9800000190734863
0.9800000190734863
0.949999988079071
0.949999988079071
0.9800000190734863
1.0
0.9900000095367432
0.9900000095367432
0.9700000286102295
0.9700000286102295
0.9599999785423279
0.9700000286102295
0.949999988079071
0.9900000095367432
0.9800000190734863
0.9900000095367432
0.9200000166893005
0.9800000190734863
0.9599999785423279
0.9800000190734863
0.9800000190734863
0.9700000286102295
0.9700000286102295
0.9700000286102295
0.949999988079071
0.9700000286102295
0.9900000095367432
0.9800000190734863
0.9700000286102295
0.9800000190734863
0.8999999761581421
0.949999988079071
0.9599999785423279
0.9700000286102295
1.0
1.0
0.9700000286102295
0.9700000286102295
0.949999988079071
0.9800000190734863
0.9700000286102295
0.9700000286102295
0.9900000095367432
0.9900000095367432
0.9800000190734863
0.949999988079071
0.9700000286102295
0.9599999785423279
0.9900000095367432
0.9700000286102295
0.9599999785423279
0.9900000095367432
0.949999988079071
0.9599999785423279
0.9800000190734863
0.949999988079071
0.9599999785423279
0.9800000190734863
0.9800000190734863
0.9900000095367432
0.9300000071525574
0.9700000286102295
1.0
1.0
0.9800000190734863
0.9700000286102295
0.9900000095367432
0.9900000095367432
0.9800000190734863
0.9700000286102295
0.9599999785423279
0.9399999976158142
0.9399999976158142
0.9800000190734863
1.0
0.9800000190734863
0.9599999785423279
0.9599999785423279
0.9800000190734863
0.9800000190734863
0.9599999785423279
0.9800000190734863
0.949999988079071
0.9700000286102295
1.0
0.9100000262260437
0.9900000095367432
0.9599999785423279
0.949999988079071
